(kicad_pcb (version 20171130) (host pcbnew "(5.0.0)")

  (general
    (thickness 1.6)
    (drawings 43)
    (tracks 163)
    (zones 0)
    (modules 23)
    (nets 25)
  )

  (page A4)
  (layers
    (0 F.Cu signal)
    (31 B.Cu signal)
    (32 B.Adhes user)
    (33 F.Adhes user)
    (34 B.Paste user)
    (35 F.Paste user)
    (36 B.SilkS user)
    (37 F.SilkS user)
    (38 B.Mask user)
    (39 F.Mask user)
    (40 Dwgs.User user)
    (41 Cmts.User user)
    (42 Eco1.User user)
    (43 Eco2.User user)
    (44 Edge.Cuts user)
    (45 Margin user)
    (46 B.CrtYd user)
    (47 F.CrtYd user)
    (48 B.Fab user)
    (49 F.Fab user)
  )

  (setup
    (last_trace_width 0.25)
    (trace_clearance 0.2)
    (zone_clearance 0.508)
    (zone_45_only no)
    (trace_min 0.2)
    (segment_width 0.2)
    (edge_width 0.2)
    (via_size 0.8)
    (via_drill 0.4)
    (via_min_size 0.4)
    (via_min_drill 0.3)
    (uvia_size 0.3)
    (uvia_drill 0.1)
    (uvias_allowed no)
    (uvia_min_size 0.2)
    (uvia_min_drill 0.1)
    (pcb_text_width 0.3)
    (pcb_text_size 1.5 1.5)
    (mod_edge_width 0.15)
    (mod_text_size 1 1)
    (mod_text_width 0.15)
    (pad_size 1.524 1.524)
    (pad_drill 0.762)
    (pad_to_mask_clearance 0.2)
    (aux_axis_origin 0 0)
    (visible_elements FFFFFF7F)
    (pcbplotparams
      (layerselection 0x010fc_ffffffff)
      (usegerberextensions false)
      (usegerberattributes false)
      (usegerberadvancedattributes false)
      (creategerberjobfile false)
      (excludeedgelayer true)
      (linewidth 0.100000)
      (plotframeref false)
      (viasonmask false)
      (mode 1)
      (useauxorigin false)
      (hpglpennumber 1)
      (hpglpenspeed 20)
      (hpglpendiameter 15.000000)
      (psnegative false)
      (psa4output false)
      (plotreference true)
      (plotvalue true)
      (plotinvisibletext false)
      (padsonsilk false)
      (subtractmaskfromsilk false)
      (outputformat 1)
      (mirror false)
      (drillshape 0)
      (scaleselection 1)
      (outputdirectory "Gerbers/"))
  )

  (net 0 "")
  (net 1 "Net-(D110-Pad2)")
  (net 2 "Net-(R110-Pad2)")
  (net 3 "Net-(R109-Pad2)")
  (net 4 "Net-(D109-Pad2)")
  (net 5 "Net-(D108-Pad2)")
  (net 6 "Net-(R108-Pad2)")
  (net 7 "Net-(R107-Pad2)")
  (net 8 "Net-(D107-Pad2)")
  (net 9 "Net-(D106-Pad2)")
  (net 10 "Net-(R105-Pad2)")
  (net 11 "Net-(D105-Pad2)")
  (net 12 "Net-(D104-Pad2)")
  (net 13 "Net-(R104-Pad2)")
  (net 14 "Net-(R103-Pad2)")
  (net 15 "Net-(D103-Pad2)")
  (net 16 "Net-(D102-Pad2)")
  (net 17 "Net-(R102-Pad2)")
  (net 18 "Net-(R101-Pad2)")
  (net 19 "Net-(D101-Pad2)")
  (net 20 GND)
  (net 21 "Net-(U101-Pad5)")
  (net 22 "Net-(U101-Pad4)")
  (net 23 "Net-(BT101-Pad1)")
  (net 24 "Net-(U101-Pad3)")

  (net_class Default "This is the default net class."
    (clearance 0.2)
    (trace_width 0.25)
    (via_dia 0.8)
    (via_drill 0.4)
    (uvia_dia 0.3)
    (uvia_drill 0.1)
    (add_net GND)
    (add_net "Net-(BT101-Pad1)")
    (add_net "Net-(D101-Pad2)")
    (add_net "Net-(D102-Pad2)")
    (add_net "Net-(D103-Pad2)")
    (add_net "Net-(D104-Pad2)")
    (add_net "Net-(D105-Pad2)")
    (add_net "Net-(D106-Pad2)")
    (add_net "Net-(D107-Pad2)")
    (add_net "Net-(D108-Pad2)")
    (add_net "Net-(D109-Pad2)")
    (add_net "Net-(D110-Pad2)")
    (add_net "Net-(R101-Pad2)")
    (add_net "Net-(R102-Pad2)")
    (add_net "Net-(R103-Pad2)")
    (add_net "Net-(R104-Pad2)")
    (add_net "Net-(R105-Pad2)")
    (add_net "Net-(R107-Pad2)")
    (add_net "Net-(R108-Pad2)")
    (add_net "Net-(R109-Pad2)")
    (add_net "Net-(R110-Pad2)")
    (add_net "Net-(U101-Pad3)")
    (add_net "Net-(U101-Pad4)")
    (add_net "Net-(U101-Pad5)")
  )

  (module Jacob:TinyHoleforHook (layer F.Cu) (tedit 5C08338D) (tstamp 5C08C4F3)
    (at 222.25 83.566)
    (path /5C0E66C1)
    (fp_text reference MK101 (at 0 1.905) (layer F.SilkS) hide
      (effects (font (size 1 1) (thickness 0.15)))
    )
    (fp_text value Mounting_Hole (at 0 -1.905) (layer F.Fab)
      (effects (font (size 1 1) (thickness 0.15)))
    )
    (pad "" np_thru_hole circle (at 0 0) (size 1.016 1.016) (drill 1.016) (layers *.Cu *.Mask))
  )

  (module Jacob:2032_Battery_Holder (layer B.Cu) (tedit 5C082A28) (tstamp 5C088B69)
    (at 222.504 110.744)
    (path /5C0D6272)
    (fp_text reference BT101 (at 0 9.025) (layer B.SilkS)
      (effects (font (size 1 1) (thickness 0.15)) (justify mirror))
    )
    (fp_text value Battery (at 0 10.025) (layer B.Fab)
      (effects (font (size 1 1) (thickness 0.15)) (justify mirror))
    )
    (pad 1 thru_hole circle (at 10.414 -1.524) (size 2.54 2.54) (drill 1.27) (layers *.Cu *.Mask)
      (net 23 "Net-(BT101-Pad1)"))
    (pad 1 thru_hole circle (at 10.414 1.524) (size 2.54 2.54) (drill 1.27) (layers *.Cu *.Mask)
      (net 23 "Net-(BT101-Pad1)"))
    (pad 1 thru_hole circle (at -10.414 -1.524) (size 2.54 2.54) (drill 1.27) (layers *.Cu *.Mask)
      (net 23 "Net-(BT101-Pad1)"))
    (pad 1 thru_hole circle (at -10.414 1.524) (size 2.54 2.54) (drill 1.27) (layers *.Cu *.Mask)
      (net 23 "Net-(BT101-Pad1)"))
    (pad 2 smd circle (at 0 0) (size 17.78 17.78) (layers B.Cu B.Paste B.Mask)
      (net 20 GND))
    (pad 2 thru_hole circle (at 0 -8.89) (size 2.54 2.54) (drill 1.27) (layers *.Cu *.Mask)
      (net 20 GND))
  )

  (module Housings_DIP:DIP-14_W7.62mm_LongPads (layer F.Cu) (tedit 59C78D6B) (tstamp 5C082DE7)
    (at 218.44 134.112)
    (descr "14-lead though-hole mounted DIP package, row spacing 7.62 mm (300 mils), LongPads")
    (tags "THT DIP DIL PDIP 2.54mm 7.62mm 300mil LongPads")
    (path /5C0C12CA)
    (fp_text reference U101 (at 3.81 -2.33) (layer F.SilkS)
      (effects (font (size 1 1) (thickness 0.15)))
    )
    (fp_text value ATtiny44A-PU (at 3.81 17.57) (layer F.Fab)
      (effects (font (size 1 1) (thickness 0.15)))
    )
    (fp_text user %R (at 3.81 7.62) (layer F.Fab)
      (effects (font (size 1 1) (thickness 0.15)))
    )
    (fp_line (start 9.1 -1.55) (end -1.45 -1.55) (layer F.CrtYd) (width 0.05))
    (fp_line (start 9.1 16.8) (end 9.1 -1.55) (layer F.CrtYd) (width 0.05))
    (fp_line (start -1.45 16.8) (end 9.1 16.8) (layer F.CrtYd) (width 0.05))
    (fp_line (start -1.45 -1.55) (end -1.45 16.8) (layer F.CrtYd) (width 0.05))
    (fp_line (start 6.06 -1.33) (end 4.81 -1.33) (layer F.SilkS) (width 0.12))
    (fp_line (start 6.06 16.57) (end 6.06 -1.33) (layer F.SilkS) (width 0.12))
    (fp_line (start 1.56 16.57) (end 6.06 16.57) (layer F.SilkS) (width 0.12))
    (fp_line (start 1.56 -1.33) (end 1.56 16.57) (layer F.SilkS) (width 0.12))
    (fp_line (start 2.81 -1.33) (end 1.56 -1.33) (layer F.SilkS) (width 0.12))
    (fp_line (start 0.635 -0.27) (end 1.635 -1.27) (layer F.Fab) (width 0.1))
    (fp_line (start 0.635 16.51) (end 0.635 -0.27) (layer F.Fab) (width 0.1))
    (fp_line (start 6.985 16.51) (end 0.635 16.51) (layer F.Fab) (width 0.1))
    (fp_line (start 6.985 -1.27) (end 6.985 16.51) (layer F.Fab) (width 0.1))
    (fp_line (start 1.635 -1.27) (end 6.985 -1.27) (layer F.Fab) (width 0.1))
    (fp_arc (start 3.81 -1.33) (end 2.81 -1.33) (angle -180) (layer F.SilkS) (width 0.12))
    (pad 14 thru_hole oval (at 7.62 0) (size 2.4 1.6) (drill 0.8) (layers *.Cu *.Mask)
      (net 20 GND))
    (pad 7 thru_hole oval (at 0 15.24) (size 2.4 1.6) (drill 0.8) (layers *.Cu *.Mask)
      (net 6 "Net-(R108-Pad2)"))
    (pad 13 thru_hole oval (at 7.62 2.54) (size 2.4 1.6) (drill 0.8) (layers *.Cu *.Mask)
      (net 18 "Net-(R101-Pad2)"))
    (pad 6 thru_hole oval (at 0 12.7) (size 2.4 1.6) (drill 0.8) (layers *.Cu *.Mask)
      (net 3 "Net-(R109-Pad2)"))
    (pad 12 thru_hole oval (at 7.62 5.08) (size 2.4 1.6) (drill 0.8) (layers *.Cu *.Mask)
      (net 17 "Net-(R102-Pad2)"))
    (pad 5 thru_hole oval (at 0 10.16) (size 2.4 1.6) (drill 0.8) (layers *.Cu *.Mask)
      (net 21 "Net-(U101-Pad5)"))
    (pad 11 thru_hole oval (at 7.62 7.62) (size 2.4 1.6) (drill 0.8) (layers *.Cu *.Mask)
      (net 14 "Net-(R103-Pad2)"))
    (pad 4 thru_hole oval (at 0 7.62) (size 2.4 1.6) (drill 0.8) (layers *.Cu *.Mask)
      (net 22 "Net-(U101-Pad4)"))
    (pad 10 thru_hole oval (at 7.62 10.16) (size 2.4 1.6) (drill 0.8) (layers *.Cu *.Mask)
      (net 13 "Net-(R104-Pad2)"))
    (pad 3 thru_hole oval (at 0 5.08) (size 2.4 1.6) (drill 0.8) (layers *.Cu *.Mask)
      (net 24 "Net-(U101-Pad3)"))
    (pad 9 thru_hole oval (at 7.62 12.7) (size 2.4 1.6) (drill 0.8) (layers *.Cu *.Mask)
      (net 10 "Net-(R105-Pad2)"))
    (pad 2 thru_hole oval (at 0 2.54) (size 2.4 1.6) (drill 0.8) (layers *.Cu *.Mask)
      (net 2 "Net-(R110-Pad2)"))
    (pad 8 thru_hole oval (at 7.62 15.24) (size 2.4 1.6) (drill 0.8) (layers *.Cu *.Mask)
      (net 7 "Net-(R107-Pad2)"))
    (pad 1 thru_hole rect (at 0 0) (size 2.4 1.6) (drill 0.8) (layers *.Cu *.Mask)
      (net 23 "Net-(BT101-Pad1)"))
    (model ${KISYS3DMOD}/Housings_DIP.3dshapes/DIP-14_W7.62mm.wrl
      (at (xyz 0 0 0))
      (scale (xyz 1 1 1))
      (rotate (xyz 0 0 0))
    )
  )

  (module LEDs:LED_D3.0mm (layer F.Cu) (tedit 587A3A7B) (tstamp 5C082DC5)
    (at 208.28 99.06)
    (descr "LED, diameter 3.0mm, 2 pins")
    (tags "LED diameter 3.0mm 2 pins")
    (path /5C0C09E0)
    (fp_text reference D101 (at 2.54 -2.286) (layer F.SilkS)
      (effects (font (size 1 1) (thickness 0.15)))
    )
    (fp_text value LED (at 1.27 2.96) (layer F.Fab)
      (effects (font (size 1 1) (thickness 0.15)))
    )
    (fp_line (start 3.7 -2.25) (end -1.15 -2.25) (layer F.CrtYd) (width 0.05))
    (fp_line (start 3.7 2.25) (end 3.7 -2.25) (layer F.CrtYd) (width 0.05))
    (fp_line (start -1.15 2.25) (end 3.7 2.25) (layer F.CrtYd) (width 0.05))
    (fp_line (start -1.15 -2.25) (end -1.15 2.25) (layer F.CrtYd) (width 0.05))
    (fp_line (start -0.29 1.08) (end -0.29 1.236) (layer F.SilkS) (width 0.12))
    (fp_line (start -0.29 -1.236) (end -0.29 -1.08) (layer F.SilkS) (width 0.12))
    (fp_line (start -0.23 -1.16619) (end -0.23 1.16619) (layer F.Fab) (width 0.1))
    (fp_circle (center 1.27 0) (end 2.77 0) (layer F.Fab) (width 0.1))
    (fp_arc (start 1.27 0) (end 0.229039 1.08) (angle -87.9) (layer F.SilkS) (width 0.12))
    (fp_arc (start 1.27 0) (end 0.229039 -1.08) (angle 87.9) (layer F.SilkS) (width 0.12))
    (fp_arc (start 1.27 0) (end -0.29 1.235516) (angle -108.8) (layer F.SilkS) (width 0.12))
    (fp_arc (start 1.27 0) (end -0.29 -1.235516) (angle 108.8) (layer F.SilkS) (width 0.12))
    (fp_arc (start 1.27 0) (end -0.23 -1.16619) (angle 284.3) (layer F.Fab) (width 0.1))
    (pad 2 thru_hole circle (at 2.54 0) (size 1.8 1.8) (drill 0.9) (layers *.Cu *.Mask)
      (net 19 "Net-(D101-Pad2)"))
    (pad 1 thru_hole rect (at 0 0) (size 1.8 1.8) (drill 0.9) (layers *.Cu *.Mask)
      (net 20 GND))
    (model ${KISYS3DMOD}/LEDs.3dshapes/LED_D3.0mm.wrl
      (at (xyz 0 0 0))
      (scale (xyz 0.393701 0.393701 0.393701))
      (rotate (xyz 0 0 0))
    )
  )

  (module LEDs:LED_D3.0mm (layer F.Cu) (tedit 587A3A7B) (tstamp 5C082DB2)
    (at 193.04 124.46)
    (descr "LED, diameter 3.0mm, 2 pins")
    (tags "LED diameter 3.0mm 2 pins")
    (path /5C0C0996)
    (fp_text reference D103 (at 3.81 -3.048) (layer F.SilkS)
      (effects (font (size 1 1) (thickness 0.15)))
    )
    (fp_text value LED (at 1.27 2.96) (layer F.Fab)
      (effects (font (size 1 1) (thickness 0.15)))
    )
    (fp_arc (start 1.27 0) (end -0.23 -1.16619) (angle 284.3) (layer F.Fab) (width 0.1))
    (fp_arc (start 1.27 0) (end -0.29 -1.235516) (angle 108.8) (layer F.SilkS) (width 0.12))
    (fp_arc (start 1.27 0) (end -0.29 1.235516) (angle -108.8) (layer F.SilkS) (width 0.12))
    (fp_arc (start 1.27 0) (end 0.229039 -1.08) (angle 87.9) (layer F.SilkS) (width 0.12))
    (fp_arc (start 1.27 0) (end 0.229039 1.08) (angle -87.9) (layer F.SilkS) (width 0.12))
    (fp_circle (center 1.27 0) (end 2.77 0) (layer F.Fab) (width 0.1))
    (fp_line (start -0.23 -1.16619) (end -0.23 1.16619) (layer F.Fab) (width 0.1))
    (fp_line (start -0.29 -1.236) (end -0.29 -1.08) (layer F.SilkS) (width 0.12))
    (fp_line (start -0.29 1.08) (end -0.29 1.236) (layer F.SilkS) (width 0.12))
    (fp_line (start -1.15 -2.25) (end -1.15 2.25) (layer F.CrtYd) (width 0.05))
    (fp_line (start -1.15 2.25) (end 3.7 2.25) (layer F.CrtYd) (width 0.05))
    (fp_line (start 3.7 2.25) (end 3.7 -2.25) (layer F.CrtYd) (width 0.05))
    (fp_line (start 3.7 -2.25) (end -1.15 -2.25) (layer F.CrtYd) (width 0.05))
    (pad 1 thru_hole rect (at 0 0) (size 1.8 1.8) (drill 0.9) (layers *.Cu *.Mask)
      (net 20 GND))
    (pad 2 thru_hole circle (at 2.54 0) (size 1.8 1.8) (drill 0.9) (layers *.Cu *.Mask)
      (net 15 "Net-(D103-Pad2)"))
    (model ${KISYS3DMOD}/LEDs.3dshapes/LED_D3.0mm.wrl
      (at (xyz 0 0 0))
      (scale (xyz 0.393701 0.393701 0.393701))
      (rotate (xyz 0 0 0))
    )
  )

  (module LEDs:LED_D3.0mm (layer F.Cu) (tedit 587A3A7B) (tstamp 5C082D9F)
    (at 220.98 128.27)
    (descr "LED, diameter 3.0mm, 2 pins")
    (tags "LED diameter 3.0mm 2 pins")
    (path /5C0C0974)
    (fp_text reference D104 (at -3.048 0.254) (layer F.SilkS)
      (effects (font (size 1 1) (thickness 0.15)))
    )
    (fp_text value LED (at 1.27 2.96) (layer F.Fab)
      (effects (font (size 1 1) (thickness 0.15)))
    )
    (fp_line (start 3.7 -2.25) (end -1.15 -2.25) (layer F.CrtYd) (width 0.05))
    (fp_line (start 3.7 2.25) (end 3.7 -2.25) (layer F.CrtYd) (width 0.05))
    (fp_line (start -1.15 2.25) (end 3.7 2.25) (layer F.CrtYd) (width 0.05))
    (fp_line (start -1.15 -2.25) (end -1.15 2.25) (layer F.CrtYd) (width 0.05))
    (fp_line (start -0.29 1.08) (end -0.29 1.236) (layer F.SilkS) (width 0.12))
    (fp_line (start -0.29 -1.236) (end -0.29 -1.08) (layer F.SilkS) (width 0.12))
    (fp_line (start -0.23 -1.16619) (end -0.23 1.16619) (layer F.Fab) (width 0.1))
    (fp_circle (center 1.27 0) (end 2.77 0) (layer F.Fab) (width 0.1))
    (fp_arc (start 1.27 0) (end 0.229039 1.08) (angle -87.9) (layer F.SilkS) (width 0.12))
    (fp_arc (start 1.27 0) (end 0.229039 -1.08) (angle 87.9) (layer F.SilkS) (width 0.12))
    (fp_arc (start 1.27 0) (end -0.29 1.235516) (angle -108.8) (layer F.SilkS) (width 0.12))
    (fp_arc (start 1.27 0) (end -0.29 -1.235516) (angle 108.8) (layer F.SilkS) (width 0.12))
    (fp_arc (start 1.27 0) (end -0.23 -1.16619) (angle 284.3) (layer F.Fab) (width 0.1))
    (pad 2 thru_hole circle (at 2.54 0) (size 1.8 1.8) (drill 0.9) (layers *.Cu *.Mask)
      (net 12 "Net-(D104-Pad2)"))
    (pad 1 thru_hole rect (at 0 0) (size 1.8 1.8) (drill 0.9) (layers *.Cu *.Mask)
      (net 20 GND))
    (model ${KISYS3DMOD}/LEDs.3dshapes/LED_D3.0mm.wrl
      (at (xyz 0 0 0))
      (scale (xyz 0.393701 0.393701 0.393701))
      (rotate (xyz 0 0 0))
    )
  )

  (module LEDs:LED_D3.0mm (layer F.Cu) (tedit 587A3A7B) (tstamp 5C082D8C)
    (at 248.92 124.46)
    (descr "LED, diameter 3.0mm, 2 pins")
    (tags "LED diameter 3.0mm 2 pins")
    (path /5C0C08CE)
    (fp_text reference D105 (at 0 -2.96) (layer F.SilkS)
      (effects (font (size 1 1) (thickness 0.15)))
    )
    (fp_text value LED (at 1.27 2.96) (layer F.Fab)
      (effects (font (size 1 1) (thickness 0.15)))
    )
    (fp_arc (start 1.27 0) (end -0.23 -1.16619) (angle 284.3) (layer F.Fab) (width 0.1))
    (fp_arc (start 1.27 0) (end -0.29 -1.235516) (angle 108.8) (layer F.SilkS) (width 0.12))
    (fp_arc (start 1.27 0) (end -0.29 1.235516) (angle -108.8) (layer F.SilkS) (width 0.12))
    (fp_arc (start 1.27 0) (end 0.229039 -1.08) (angle 87.9) (layer F.SilkS) (width 0.12))
    (fp_arc (start 1.27 0) (end 0.229039 1.08) (angle -87.9) (layer F.SilkS) (width 0.12))
    (fp_circle (center 1.27 0) (end 2.77 0) (layer F.Fab) (width 0.1))
    (fp_line (start -0.23 -1.16619) (end -0.23 1.16619) (layer F.Fab) (width 0.1))
    (fp_line (start -0.29 -1.236) (end -0.29 -1.08) (layer F.SilkS) (width 0.12))
    (fp_line (start -0.29 1.08) (end -0.29 1.236) (layer F.SilkS) (width 0.12))
    (fp_line (start -1.15 -2.25) (end -1.15 2.25) (layer F.CrtYd) (width 0.05))
    (fp_line (start -1.15 2.25) (end 3.7 2.25) (layer F.CrtYd) (width 0.05))
    (fp_line (start 3.7 2.25) (end 3.7 -2.25) (layer F.CrtYd) (width 0.05))
    (fp_line (start 3.7 -2.25) (end -1.15 -2.25) (layer F.CrtYd) (width 0.05))
    (pad 1 thru_hole rect (at 0 0) (size 1.8 1.8) (drill 0.9) (layers *.Cu *.Mask)
      (net 20 GND))
    (pad 2 thru_hole circle (at 2.54 0) (size 1.8 1.8) (drill 0.9) (layers *.Cu *.Mask)
      (net 11 "Net-(D105-Pad2)"))
    (model ${KISYS3DMOD}/LEDs.3dshapes/LED_D3.0mm.wrl
      (at (xyz 0 0 0))
      (scale (xyz 0.393701 0.393701 0.393701))
      (rotate (xyz 0 0 0))
    )
  )

  (module LEDs:LED_D3.0mm (layer F.Cu) (tedit 587A3A7B) (tstamp 5C082D79)
    (at 220.98 86.614)
    (descr "LED, diameter 3.0mm, 2 pins")
    (tags "LED diameter 3.0mm 2 pins")
    (path /5C0C1570)
    (fp_text reference D106 (at 5.334 1.27) (layer F.SilkS)
      (effects (font (size 1 1) (thickness 0.15)))
    )
    (fp_text value LED (at 1.27 2.96) (layer F.Fab)
      (effects (font (size 1 1) (thickness 0.15)))
    )
    (fp_line (start 3.7 -2.25) (end -1.15 -2.25) (layer F.CrtYd) (width 0.05))
    (fp_line (start 3.7 2.25) (end 3.7 -2.25) (layer F.CrtYd) (width 0.05))
    (fp_line (start -1.15 2.25) (end 3.7 2.25) (layer F.CrtYd) (width 0.05))
    (fp_line (start -1.15 -2.25) (end -1.15 2.25) (layer F.CrtYd) (width 0.05))
    (fp_line (start -0.29 1.08) (end -0.29 1.236) (layer F.SilkS) (width 0.12))
    (fp_line (start -0.29 -1.236) (end -0.29 -1.08) (layer F.SilkS) (width 0.12))
    (fp_line (start -0.23 -1.16619) (end -0.23 1.16619) (layer F.Fab) (width 0.1))
    (fp_circle (center 1.27 0) (end 2.77 0) (layer F.Fab) (width 0.1))
    (fp_arc (start 1.27 0) (end 0.229039 1.08) (angle -87.9) (layer F.SilkS) (width 0.12))
    (fp_arc (start 1.27 0) (end 0.229039 -1.08) (angle 87.9) (layer F.SilkS) (width 0.12))
    (fp_arc (start 1.27 0) (end -0.29 1.235516) (angle -108.8) (layer F.SilkS) (width 0.12))
    (fp_arc (start 1.27 0) (end -0.29 -1.235516) (angle 108.8) (layer F.SilkS) (width 0.12))
    (fp_arc (start 1.27 0) (end -0.23 -1.16619) (angle 284.3) (layer F.Fab) (width 0.1))
    (pad 2 thru_hole circle (at 2.54 0) (size 1.8 1.8) (drill 0.9) (layers *.Cu *.Mask)
      (net 9 "Net-(D106-Pad2)"))
    (pad 1 thru_hole rect (at 0 0) (size 1.8 1.8) (drill 0.9) (layers *.Cu *.Mask)
      (net 20 GND))
    (model ${KISYS3DMOD}/LEDs.3dshapes/LED_D3.0mm.wrl
      (at (xyz 0 0 0))
      (scale (xyz 0.393701 0.393701 0.393701))
      (rotate (xyz 0 0 0))
    )
  )

  (module LEDs:LED_D3.0mm (layer F.Cu) (tedit 587A3A7B) (tstamp 5C082D66)
    (at 185.42 138.43)
    (descr "LED, diameter 3.0mm, 2 pins")
    (tags "LED diameter 3.0mm 2 pins")
    (path /5C0C088A)
    (fp_text reference D107 (at 1.27 -2.96) (layer F.SilkS)
      (effects (font (size 1 1) (thickness 0.15)))
    )
    (fp_text value LED (at 1.27 2.96) (layer F.Fab)
      (effects (font (size 1 1) (thickness 0.15)))
    )
    (fp_arc (start 1.27 0) (end -0.23 -1.16619) (angle 284.3) (layer F.Fab) (width 0.1))
    (fp_arc (start 1.27 0) (end -0.29 -1.235516) (angle 108.8) (layer F.SilkS) (width 0.12))
    (fp_arc (start 1.27 0) (end -0.29 1.235516) (angle -108.8) (layer F.SilkS) (width 0.12))
    (fp_arc (start 1.27 0) (end 0.229039 -1.08) (angle 87.9) (layer F.SilkS) (width 0.12))
    (fp_arc (start 1.27 0) (end 0.229039 1.08) (angle -87.9) (layer F.SilkS) (width 0.12))
    (fp_circle (center 1.27 0) (end 2.77 0) (layer F.Fab) (width 0.1))
    (fp_line (start -0.23 -1.16619) (end -0.23 1.16619) (layer F.Fab) (width 0.1))
    (fp_line (start -0.29 -1.236) (end -0.29 -1.08) (layer F.SilkS) (width 0.12))
    (fp_line (start -0.29 1.08) (end -0.29 1.236) (layer F.SilkS) (width 0.12))
    (fp_line (start -1.15 -2.25) (end -1.15 2.25) (layer F.CrtYd) (width 0.05))
    (fp_line (start -1.15 2.25) (end 3.7 2.25) (layer F.CrtYd) (width 0.05))
    (fp_line (start 3.7 2.25) (end 3.7 -2.25) (layer F.CrtYd) (width 0.05))
    (fp_line (start 3.7 -2.25) (end -1.15 -2.25) (layer F.CrtYd) (width 0.05))
    (pad 1 thru_hole rect (at 0 0) (size 1.8 1.8) (drill 0.9) (layers *.Cu *.Mask)
      (net 20 GND))
    (pad 2 thru_hole circle (at 2.54 0) (size 1.8 1.8) (drill 0.9) (layers *.Cu *.Mask)
      (net 8 "Net-(D107-Pad2)"))
    (model ${KISYS3DMOD}/LEDs.3dshapes/LED_D3.0mm.wrl
      (at (xyz 0 0 0))
      (scale (xyz 0.393701 0.393701 0.393701))
      (rotate (xyz 0 0 0))
    )
  )

  (module LEDs:LED_D3.0mm (layer F.Cu) (tedit 587A3A7B) (tstamp 5C082D53)
    (at 204.47 138.43)
    (descr "LED, diameter 3.0mm, 2 pins")
    (tags "LED diameter 3.0mm 2 pins")
    (path /5C0C0348)
    (fp_text reference D108 (at -3.81 0) (layer F.SilkS)
      (effects (font (size 1 1) (thickness 0.15)))
    )
    (fp_text value LED (at 1.27 2.96) (layer F.Fab)
      (effects (font (size 1 1) (thickness 0.15)))
    )
    (fp_line (start 3.7 -2.25) (end -1.15 -2.25) (layer F.CrtYd) (width 0.05))
    (fp_line (start 3.7 2.25) (end 3.7 -2.25) (layer F.CrtYd) (width 0.05))
    (fp_line (start -1.15 2.25) (end 3.7 2.25) (layer F.CrtYd) (width 0.05))
    (fp_line (start -1.15 -2.25) (end -1.15 2.25) (layer F.CrtYd) (width 0.05))
    (fp_line (start -0.29 1.08) (end -0.29 1.236) (layer F.SilkS) (width 0.12))
    (fp_line (start -0.29 -1.236) (end -0.29 -1.08) (layer F.SilkS) (width 0.12))
    (fp_line (start -0.23 -1.16619) (end -0.23 1.16619) (layer F.Fab) (width 0.1))
    (fp_circle (center 1.27 0) (end 2.77 0) (layer F.Fab) (width 0.1))
    (fp_arc (start 1.27 0) (end 0.229039 1.08) (angle -87.9) (layer F.SilkS) (width 0.12))
    (fp_arc (start 1.27 0) (end 0.229039 -1.08) (angle 87.9) (layer F.SilkS) (width 0.12))
    (fp_arc (start 1.27 0) (end -0.29 1.235516) (angle -108.8) (layer F.SilkS) (width 0.12))
    (fp_arc (start 1.27 0) (end -0.29 -1.235516) (angle 108.8) (layer F.SilkS) (width 0.12))
    (fp_arc (start 1.27 0) (end -0.23 -1.16619) (angle 284.3) (layer F.Fab) (width 0.1))
    (pad 2 thru_hole circle (at 2.54 0) (size 1.8 1.8) (drill 0.9) (layers *.Cu *.Mask)
      (net 5 "Net-(D108-Pad2)"))
    (pad 1 thru_hole rect (at 0 0) (size 1.8 1.8) (drill 0.9) (layers *.Cu *.Mask)
      (net 20 GND))
    (model ${KISYS3DMOD}/LEDs.3dshapes/LED_D3.0mm.wrl
      (at (xyz 0 0 0))
      (scale (xyz 0.393701 0.393701 0.393701))
      (rotate (xyz 0 0 0))
    )
  )

  (module LEDs:LED_D3.0mm (layer F.Cu) (tedit 587A3A7B) (tstamp 5C082D40)
    (at 237.49 138.43)
    (descr "LED, diameter 3.0mm, 2 pins")
    (tags "LED diameter 3.0mm 2 pins")
    (path /5C0C0A08)
    (fp_text reference D109 (at -3.81 0) (layer F.SilkS)
      (effects (font (size 1 1) (thickness 0.15)))
    )
    (fp_text value LED (at 1.27 2.96) (layer F.Fab)
      (effects (font (size 1 1) (thickness 0.15)))
    )
    (fp_arc (start 1.27 0) (end -0.23 -1.16619) (angle 284.3) (layer F.Fab) (width 0.1))
    (fp_arc (start 1.27 0) (end -0.29 -1.235516) (angle 108.8) (layer F.SilkS) (width 0.12))
    (fp_arc (start 1.27 0) (end -0.29 1.235516) (angle -108.8) (layer F.SilkS) (width 0.12))
    (fp_arc (start 1.27 0) (end 0.229039 -1.08) (angle 87.9) (layer F.SilkS) (width 0.12))
    (fp_arc (start 1.27 0) (end 0.229039 1.08) (angle -87.9) (layer F.SilkS) (width 0.12))
    (fp_circle (center 1.27 0) (end 2.77 0) (layer F.Fab) (width 0.1))
    (fp_line (start -0.23 -1.16619) (end -0.23 1.16619) (layer F.Fab) (width 0.1))
    (fp_line (start -0.29 -1.236) (end -0.29 -1.08) (layer F.SilkS) (width 0.12))
    (fp_line (start -0.29 1.08) (end -0.29 1.236) (layer F.SilkS) (width 0.12))
    (fp_line (start -1.15 -2.25) (end -1.15 2.25) (layer F.CrtYd) (width 0.05))
    (fp_line (start -1.15 2.25) (end 3.7 2.25) (layer F.CrtYd) (width 0.05))
    (fp_line (start 3.7 2.25) (end 3.7 -2.25) (layer F.CrtYd) (width 0.05))
    (fp_line (start 3.7 -2.25) (end -1.15 -2.25) (layer F.CrtYd) (width 0.05))
    (pad 1 thru_hole rect (at 0 0) (size 1.8 1.8) (drill 0.9) (layers *.Cu *.Mask)
      (net 20 GND))
    (pad 2 thru_hole circle (at 2.54 0) (size 1.8 1.8) (drill 0.9) (layers *.Cu *.Mask)
      (net 4 "Net-(D109-Pad2)"))
    (model ${KISYS3DMOD}/LEDs.3dshapes/LED_D3.0mm.wrl
      (at (xyz 0 0 0))
      (scale (xyz 0.393701 0.393701 0.393701))
      (rotate (xyz 0 0 0))
    )
  )

  (module LEDs:LED_D3.0mm (layer F.Cu) (tedit 587A3A7B) (tstamp 5C082D2D)
    (at 256.54 138.43)
    (descr "LED, diameter 3.0mm, 2 pins")
    (tags "LED diameter 3.0mm 2 pins")
    (path /5C0C145C)
    (fp_text reference D110 (at -1.27 -2.794) (layer F.SilkS)
      (effects (font (size 1 1) (thickness 0.15)))
    )
    (fp_text value LED (at 1.27 2.96) (layer F.Fab)
      (effects (font (size 1 1) (thickness 0.15)))
    )
    (fp_line (start 3.7 -2.25) (end -1.15 -2.25) (layer F.CrtYd) (width 0.05))
    (fp_line (start 3.7 2.25) (end 3.7 -2.25) (layer F.CrtYd) (width 0.05))
    (fp_line (start -1.15 2.25) (end 3.7 2.25) (layer F.CrtYd) (width 0.05))
    (fp_line (start -1.15 -2.25) (end -1.15 2.25) (layer F.CrtYd) (width 0.05))
    (fp_line (start -0.29 1.08) (end -0.29 1.236) (layer F.SilkS) (width 0.12))
    (fp_line (start -0.29 -1.236) (end -0.29 -1.08) (layer F.SilkS) (width 0.12))
    (fp_line (start -0.23 -1.16619) (end -0.23 1.16619) (layer F.Fab) (width 0.1))
    (fp_circle (center 1.27 0) (end 2.77 0) (layer F.Fab) (width 0.1))
    (fp_arc (start 1.27 0) (end 0.229039 1.08) (angle -87.9) (layer F.SilkS) (width 0.12))
    (fp_arc (start 1.27 0) (end 0.229039 -1.08) (angle 87.9) (layer F.SilkS) (width 0.12))
    (fp_arc (start 1.27 0) (end -0.29 1.235516) (angle -108.8) (layer F.SilkS) (width 0.12))
    (fp_arc (start 1.27 0) (end -0.29 -1.235516) (angle 108.8) (layer F.SilkS) (width 0.12))
    (fp_arc (start 1.27 0) (end -0.23 -1.16619) (angle 284.3) (layer F.Fab) (width 0.1))
    (pad 2 thru_hole circle (at 2.54 0) (size 1.8 1.8) (drill 0.9) (layers *.Cu *.Mask)
      (net 1 "Net-(D110-Pad2)"))
    (pad 1 thru_hole rect (at 0 0) (size 1.8 1.8) (drill 0.9) (layers *.Cu *.Mask)
      (net 20 GND))
    (model ${KISYS3DMOD}/LEDs.3dshapes/LED_D3.0mm.wrl
      (at (xyz 0 0 0))
      (scale (xyz 0.393701 0.393701 0.393701))
      (rotate (xyz 0 0 0))
    )
  )

  (module LEDs:LED_D3.0mm (layer F.Cu) (tedit 587A3A7B) (tstamp 5C082D07)
    (at 233.68 99.06)
    (descr "LED, diameter 3.0mm, 2 pins")
    (tags "LED diameter 3.0mm 2 pins")
    (path /5C0C09BA)
    (fp_text reference D102 (at -0.254 -2.96) (layer F.SilkS)
      (effects (font (size 1 1) (thickness 0.15)))
    )
    (fp_text value LED (at 1.27 2.96) (layer F.Fab)
      (effects (font (size 1 1) (thickness 0.15)))
    )
    (fp_line (start 3.7 -2.25) (end -1.15 -2.25) (layer F.CrtYd) (width 0.05))
    (fp_line (start 3.7 2.25) (end 3.7 -2.25) (layer F.CrtYd) (width 0.05))
    (fp_line (start -1.15 2.25) (end 3.7 2.25) (layer F.CrtYd) (width 0.05))
    (fp_line (start -1.15 -2.25) (end -1.15 2.25) (layer F.CrtYd) (width 0.05))
    (fp_line (start -0.29 1.08) (end -0.29 1.236) (layer F.SilkS) (width 0.12))
    (fp_line (start -0.29 -1.236) (end -0.29 -1.08) (layer F.SilkS) (width 0.12))
    (fp_line (start -0.23 -1.16619) (end -0.23 1.16619) (layer F.Fab) (width 0.1))
    (fp_circle (center 1.27 0) (end 2.77 0) (layer F.Fab) (width 0.1))
    (fp_arc (start 1.27 0) (end 0.229039 1.08) (angle -87.9) (layer F.SilkS) (width 0.12))
    (fp_arc (start 1.27 0) (end 0.229039 -1.08) (angle 87.9) (layer F.SilkS) (width 0.12))
    (fp_arc (start 1.27 0) (end -0.29 1.235516) (angle -108.8) (layer F.SilkS) (width 0.12))
    (fp_arc (start 1.27 0) (end -0.29 -1.235516) (angle 108.8) (layer F.SilkS) (width 0.12))
    (fp_arc (start 1.27 0) (end -0.23 -1.16619) (angle 284.3) (layer F.Fab) (width 0.1))
    (pad 2 thru_hole circle (at 2.54 0) (size 1.8 1.8) (drill 0.9) (layers *.Cu *.Mask)
      (net 16 "Net-(D102-Pad2)"))
    (pad 1 thru_hole rect (at 0 0) (size 1.8 1.8) (drill 0.9) (layers *.Cu *.Mask)
      (net 20 GND))
    (model ${KISYS3DMOD}/LEDs.3dshapes/LED_D3.0mm.wrl
      (at (xyz 0 0 0))
      (scale (xyz 0.393701 0.393701 0.393701))
      (rotate (xyz 0 0 0))
    )
  )

  (module Resistors_THT:R_Axial_DIN0204_L3.6mm_D1.6mm_P5.08mm_Horizontal (layer F.Cu) (tedit 5874F706) (tstamp 5C082CF4)
    (at 213.868 94.996 270)
    (descr "Resistor, Axial_DIN0204 series, Axial, Horizontal, pin pitch=5.08mm, 0.16666666666666666W = 1/6W, length*diameter=3.6*1.6mm^2, http://cdn-reichelt.de/documents/datenblatt/B400/1_4W%23YAG.pdf")
    (tags "Resistor Axial_DIN0204 series Axial Horizontal pin pitch 5.08mm 0.16666666666666666W = 1/6W length 3.6mm diameter 1.6mm")
    (path /5C0C1722)
    (fp_text reference R101 (at 2.54 -1.86 270) (layer F.SilkS)
      (effects (font (size 1 1) (thickness 0.15)))
    )
    (fp_text value R (at -0.845001 0.029999 270) (layer F.Fab)
      (effects (font (size 1 1) (thickness 0.15)))
    )
    (fp_line (start 6.05 -1.15) (end -0.95 -1.15) (layer F.CrtYd) (width 0.05))
    (fp_line (start 6.05 1.15) (end 6.05 -1.15) (layer F.CrtYd) (width 0.05))
    (fp_line (start -0.95 1.15) (end 6.05 1.15) (layer F.CrtYd) (width 0.05))
    (fp_line (start -0.95 -1.15) (end -0.95 1.15) (layer F.CrtYd) (width 0.05))
    (fp_line (start 0.68 0.86) (end 4.4 0.86) (layer F.SilkS) (width 0.12))
    (fp_line (start 0.68 -0.86) (end 4.4 -0.86) (layer F.SilkS) (width 0.12))
    (fp_line (start 5.08 0) (end 4.34 0) (layer F.Fab) (width 0.1))
    (fp_line (start 0 0) (end 0.74 0) (layer F.Fab) (width 0.1))
    (fp_line (start 4.34 -0.8) (end 0.74 -0.8) (layer F.Fab) (width 0.1))
    (fp_line (start 4.34 0.8) (end 4.34 -0.8) (layer F.Fab) (width 0.1))
    (fp_line (start 0.74 0.8) (end 4.34 0.8) (layer F.Fab) (width 0.1))
    (fp_line (start 0.74 -0.8) (end 0.74 0.8) (layer F.Fab) (width 0.1))
    (pad 2 thru_hole oval (at 5.08 0 270) (size 1.4 1.4) (drill 0.7) (layers *.Cu *.Mask)
      (net 18 "Net-(R101-Pad2)"))
    (pad 1 thru_hole circle (at 0 0 270) (size 1.4 1.4) (drill 0.7) (layers *.Cu *.Mask)
      (net 19 "Net-(D101-Pad2)"))
    (model ${KISYS3DMOD}/Resistors_THT.3dshapes/R_Axial_DIN0204_L3.6mm_D1.6mm_P5.08mm_Horizontal.wrl
      (at (xyz 0 0 0))
      (scale (xyz 0.393701 0.393701 0.393701))
      (rotate (xyz 0 0 0))
    )
  )

  (module Resistors_THT:R_Axial_DIN0204_L3.6mm_D1.6mm_P5.08mm_Horizontal (layer F.Cu) (tedit 5874F706) (tstamp 5C082CE2)
    (at 230.632 100.076 90)
    (descr "Resistor, Axial_DIN0204 series, Axial, Horizontal, pin pitch=5.08mm, 0.16666666666666666W = 1/6W, length*diameter=3.6*1.6mm^2, http://cdn-reichelt.de/documents/datenblatt/B400/1_4W%23YAG.pdf")
    (tags "Resistor Axial_DIN0204 series Axial Horizontal pin pitch 5.08mm 0.16666666666666666W = 1/6W length 3.6mm diameter 1.6mm")
    (path /5C0D5E00)
    (fp_text reference R102 (at 2.54 -1.86 90) (layer F.SilkS)
      (effects (font (size 1 1) (thickness 0.15)))
    )
    (fp_text value R (at 2.54 1.86 90) (layer F.Fab)
      (effects (font (size 1 1) (thickness 0.15)))
    )
    (fp_line (start 0.74 -0.8) (end 0.74 0.8) (layer F.Fab) (width 0.1))
    (fp_line (start 0.74 0.8) (end 4.34 0.8) (layer F.Fab) (width 0.1))
    (fp_line (start 4.34 0.8) (end 4.34 -0.8) (layer F.Fab) (width 0.1))
    (fp_line (start 4.34 -0.8) (end 0.74 -0.8) (layer F.Fab) (width 0.1))
    (fp_line (start 0 0) (end 0.74 0) (layer F.Fab) (width 0.1))
    (fp_line (start 5.08 0) (end 4.34 0) (layer F.Fab) (width 0.1))
    (fp_line (start 0.68 -0.86) (end 4.4 -0.86) (layer F.SilkS) (width 0.12))
    (fp_line (start 0.68 0.86) (end 4.4 0.86) (layer F.SilkS) (width 0.12))
    (fp_line (start -0.95 -1.15) (end -0.95 1.15) (layer F.CrtYd) (width 0.05))
    (fp_line (start -0.95 1.15) (end 6.05 1.15) (layer F.CrtYd) (width 0.05))
    (fp_line (start 6.05 1.15) (end 6.05 -1.15) (layer F.CrtYd) (width 0.05))
    (fp_line (start 6.05 -1.15) (end -0.95 -1.15) (layer F.CrtYd) (width 0.05))
    (pad 1 thru_hole circle (at 0 0 90) (size 1.4 1.4) (drill 0.7) (layers *.Cu *.Mask)
      (net 16 "Net-(D102-Pad2)"))
    (pad 2 thru_hole oval (at 5.08 0 90) (size 1.4 1.4) (drill 0.7) (layers *.Cu *.Mask)
      (net 17 "Net-(R102-Pad2)"))
    (model ${KISYS3DMOD}/Resistors_THT.3dshapes/R_Axial_DIN0204_L3.6mm_D1.6mm_P5.08mm_Horizontal.wrl
      (at (xyz 0 0 0))
      (scale (xyz 0.393701 0.393701 0.393701))
      (rotate (xyz 0 0 0))
    )
  )

  (module Resistors_THT:R_Axial_DIN0204_L3.6mm_D1.6mm_P5.08mm_Horizontal (layer F.Cu) (tedit 5874F706) (tstamp 5C082CD0)
    (at 198.12 124.46)
    (descr "Resistor, Axial_DIN0204 series, Axial, Horizontal, pin pitch=5.08mm, 0.16666666666666666W = 1/6W, length*diameter=3.6*1.6mm^2, http://cdn-reichelt.de/documents/datenblatt/B400/1_4W%23YAG.pdf")
    (tags "Resistor Axial_DIN0204 series Axial Horizontal pin pitch 5.08mm 0.16666666666666666W = 1/6W length 3.6mm diameter 1.6mm")
    (path /5C0D5E3A)
    (fp_text reference R103 (at 2.54 -1.86) (layer F.SilkS)
      (effects (font (size 1 1) (thickness 0.15)))
    )
    (fp_text value R (at 2.54 1.86) (layer F.Fab)
      (effects (font (size 1 1) (thickness 0.15)))
    )
    (fp_line (start 6.05 -1.15) (end -0.95 -1.15) (layer F.CrtYd) (width 0.05))
    (fp_line (start 6.05 1.15) (end 6.05 -1.15) (layer F.CrtYd) (width 0.05))
    (fp_line (start -0.95 1.15) (end 6.05 1.15) (layer F.CrtYd) (width 0.05))
    (fp_line (start -0.95 -1.15) (end -0.95 1.15) (layer F.CrtYd) (width 0.05))
    (fp_line (start 0.68 0.86) (end 4.4 0.86) (layer F.SilkS) (width 0.12))
    (fp_line (start 0.68 -0.86) (end 4.4 -0.86) (layer F.SilkS) (width 0.12))
    (fp_line (start 5.08 0) (end 4.34 0) (layer F.Fab) (width 0.1))
    (fp_line (start 0 0) (end 0.74 0) (layer F.Fab) (width 0.1))
    (fp_line (start 4.34 -0.8) (end 0.74 -0.8) (layer F.Fab) (width 0.1))
    (fp_line (start 4.34 0.8) (end 4.34 -0.8) (layer F.Fab) (width 0.1))
    (fp_line (start 0.74 0.8) (end 4.34 0.8) (layer F.Fab) (width 0.1))
    (fp_line (start 0.74 -0.8) (end 0.74 0.8) (layer F.Fab) (width 0.1))
    (pad 2 thru_hole oval (at 5.08 0) (size 1.4 1.4) (drill 0.7) (layers *.Cu *.Mask)
      (net 14 "Net-(R103-Pad2)"))
    (pad 1 thru_hole circle (at 0 0) (size 1.4 1.4) (drill 0.7) (layers *.Cu *.Mask)
      (net 15 "Net-(D103-Pad2)"))
    (model ${KISYS3DMOD}/Resistors_THT.3dshapes/R_Axial_DIN0204_L3.6mm_D1.6mm_P5.08mm_Horizontal.wrl
      (at (xyz 0 0 0))
      (scale (xyz 0.393701 0.393701 0.393701))
      (rotate (xyz 0 0 0))
    )
  )

  (module Resistors_THT:R_Axial_DIN0204_L3.6mm_D1.6mm_P5.08mm_Horizontal (layer F.Cu) (tedit 5874F706) (tstamp 5C082CBE)
    (at 219.964 124.46)
    (descr "Resistor, Axial_DIN0204 series, Axial, Horizontal, pin pitch=5.08mm, 0.16666666666666666W = 1/6W, length*diameter=3.6*1.6mm^2, http://cdn-reichelt.de/documents/datenblatt/B400/1_4W%23YAG.pdf")
    (tags "Resistor Axial_DIN0204 series Axial Horizontal pin pitch 5.08mm 0.16666666666666666W = 1/6W length 3.6mm diameter 1.6mm")
    (path /5C0D5E7A)
    (fp_text reference R104 (at 2.54 -1.86) (layer F.SilkS)
      (effects (font (size 1 1) (thickness 0.15)))
    )
    (fp_text value R (at 2.54 1.86) (layer F.Fab)
      (effects (font (size 1 1) (thickness 0.15)))
    )
    (fp_line (start 0.74 -0.8) (end 0.74 0.8) (layer F.Fab) (width 0.1))
    (fp_line (start 0.74 0.8) (end 4.34 0.8) (layer F.Fab) (width 0.1))
    (fp_line (start 4.34 0.8) (end 4.34 -0.8) (layer F.Fab) (width 0.1))
    (fp_line (start 4.34 -0.8) (end 0.74 -0.8) (layer F.Fab) (width 0.1))
    (fp_line (start 0 0) (end 0.74 0) (layer F.Fab) (width 0.1))
    (fp_line (start 5.08 0) (end 4.34 0) (layer F.Fab) (width 0.1))
    (fp_line (start 0.68 -0.86) (end 4.4 -0.86) (layer F.SilkS) (width 0.12))
    (fp_line (start 0.68 0.86) (end 4.4 0.86) (layer F.SilkS) (width 0.12))
    (fp_line (start -0.95 -1.15) (end -0.95 1.15) (layer F.CrtYd) (width 0.05))
    (fp_line (start -0.95 1.15) (end 6.05 1.15) (layer F.CrtYd) (width 0.05))
    (fp_line (start 6.05 1.15) (end 6.05 -1.15) (layer F.CrtYd) (width 0.05))
    (fp_line (start 6.05 -1.15) (end -0.95 -1.15) (layer F.CrtYd) (width 0.05))
    (pad 1 thru_hole circle (at 0 0) (size 1.4 1.4) (drill 0.7) (layers *.Cu *.Mask)
      (net 12 "Net-(D104-Pad2)"))
    (pad 2 thru_hole oval (at 5.08 0) (size 1.4 1.4) (drill 0.7) (layers *.Cu *.Mask)
      (net 13 "Net-(R104-Pad2)"))
    (model ${KISYS3DMOD}/Resistors_THT.3dshapes/R_Axial_DIN0204_L3.6mm_D1.6mm_P5.08mm_Horizontal.wrl
      (at (xyz 0 0 0))
      (scale (xyz 0.393701 0.393701 0.393701))
      (rotate (xyz 0 0 0))
    )
  )

  (module Resistors_THT:R_Axial_DIN0204_L3.6mm_D1.6mm_P5.08mm_Horizontal (layer F.Cu) (tedit 5874F706) (tstamp 5C082CAC)
    (at 246.38 124.46 180)
    (descr "Resistor, Axial_DIN0204 series, Axial, Horizontal, pin pitch=5.08mm, 0.16666666666666666W = 1/6W, length*diameter=3.6*1.6mm^2, http://cdn-reichelt.de/documents/datenblatt/B400/1_4W%23YAG.pdf")
    (tags "Resistor Axial_DIN0204 series Axial Horizontal pin pitch 5.08mm 0.16666666666666666W = 1/6W length 3.6mm diameter 1.6mm")
    (path /5C0D5EB8)
    (fp_text reference R105 (at 2.54 2.54 180) (layer F.SilkS)
      (effects (font (size 1 1) (thickness 0.15)))
    )
    (fp_text value R (at 2.54 1.86 180) (layer F.Fab)
      (effects (font (size 1 1) (thickness 0.15)))
    )
    (fp_line (start 6.05 -1.15) (end -0.95 -1.15) (layer F.CrtYd) (width 0.05))
    (fp_line (start 6.05 1.15) (end 6.05 -1.15) (layer F.CrtYd) (width 0.05))
    (fp_line (start -0.95 1.15) (end 6.05 1.15) (layer F.CrtYd) (width 0.05))
    (fp_line (start -0.95 -1.15) (end -0.95 1.15) (layer F.CrtYd) (width 0.05))
    (fp_line (start 0.68 0.86) (end 4.4 0.86) (layer F.SilkS) (width 0.12))
    (fp_line (start 0.68 -0.86) (end 4.4 -0.86) (layer F.SilkS) (width 0.12))
    (fp_line (start 5.08 0) (end 4.34 0) (layer F.Fab) (width 0.1))
    (fp_line (start 0 0) (end 0.74 0) (layer F.Fab) (width 0.1))
    (fp_line (start 4.34 -0.8) (end 0.74 -0.8) (layer F.Fab) (width 0.1))
    (fp_line (start 4.34 0.8) (end 4.34 -0.8) (layer F.Fab) (width 0.1))
    (fp_line (start 0.74 0.8) (end 4.34 0.8) (layer F.Fab) (width 0.1))
    (fp_line (start 0.74 -0.8) (end 0.74 0.8) (layer F.Fab) (width 0.1))
    (pad 2 thru_hole oval (at 5.08 0 180) (size 1.4 1.4) (drill 0.7) (layers *.Cu *.Mask)
      (net 10 "Net-(R105-Pad2)"))
    (pad 1 thru_hole circle (at 0 0 180) (size 1.4 1.4) (drill 0.7) (layers *.Cu *.Mask)
      (net 11 "Net-(D105-Pad2)"))
    (model ${KISYS3DMOD}/Resistors_THT.3dshapes/R_Axial_DIN0204_L3.6mm_D1.6mm_P5.08mm_Horizontal.wrl
      (at (xyz 0 0 0))
      (scale (xyz 0.393701 0.393701 0.393701))
      (rotate (xyz 0 0 0))
    )
  )

  (module Resistors_THT:R_Axial_DIN0204_L3.6mm_D1.6mm_P5.08mm_Horizontal (layer F.Cu) (tedit 5874F706) (tstamp 5C082C9A)
    (at 225.044 89.916 180)
    (descr "Resistor, Axial_DIN0204 series, Axial, Horizontal, pin pitch=5.08mm, 0.16666666666666666W = 1/6W, length*diameter=3.6*1.6mm^2, http://cdn-reichelt.de/documents/datenblatt/B400/1_4W%23YAG.pdf")
    (tags "Resistor Axial_DIN0204 series Axial Horizontal pin pitch 5.08mm 0.16666666666666666W = 1/6W length 3.6mm diameter 1.6mm")
    (path /5C0D60D1)
    (fp_text reference R106 (at 2.54 -1.86 180) (layer F.SilkS)
      (effects (font (size 1 1) (thickness 0.15)))
    )
    (fp_text value R (at 2.54 1.86 180) (layer F.Fab)
      (effects (font (size 1 1) (thickness 0.15)))
    )
    (fp_line (start 0.74 -0.8) (end 0.74 0.8) (layer F.Fab) (width 0.1))
    (fp_line (start 0.74 0.8) (end 4.34 0.8) (layer F.Fab) (width 0.1))
